1 1 0.000 0.000 0.000
1 2 -45.317 233.136 0.000
1 3 45.317 233.136 0.000
1 4 36.471 187.625 0.000
1 5 -36.471 187.625 0.000
1 6 -1.824 9.381 0.000
1 7 -3.647 18.762 0.000
1 8 -5.471 28.144 0.000
1 9 -7.294 37.525 0.000
1 10 -9.118 46.906 0.000
1 11 -10.941 56.288 0.000
1 12 -12.765 65.669 0.000
1 13 -14.588 75.050 0.000
1 14 -16.412 84.431 0.000
1 15 -18.235 93.812 0.000
1 16 -20.059 103.194 0.000
1 17 -21.882 112.575 0.000
1 18 -23.706 121.956 0.000
1 19 -25.529 131.338 0.000
1 20 -27.353 140.719 0.000
1 21 -29.176 150.100 0.000
1 22 -31.000 159.481 0.000
1 23 -32.824 168.863 0.000
1 24 -34.647 178.244 0.000
1 25 1.824 9.381 0.000
1 26 3.647 18.762 0.000
1 27 5.471 28.144 0.000
1 28 7.294 37.525 0.000
1 29 9.118 46.906 0.000
1 30 10.941 56.288 0.000
1 31 12.765 65.669 0.000
1 32 14.588 75.050 0.000
1 33 16.412 84.431 0.000
1 34 18.235 93.812 0.000
1 35 20.059 103.194 0.000
1 36 21.882 112.575 0.000
1 37 23.706 121.956 0.000
1 38 25.529 131.338 0.000
1 39 27.353 140.719 0.000
1 40 29.176 150.100 0.000
1 41 31.000 159.481 0.000
1 42 32.824 168.863 0.000
1 43 34.647 178.244 0.000
1 44 -37.355 192.176 0.000
1 45 -38.240 196.727 0.000
1 46 -39.124 201.278 0.000
1 47 -40.009 205.830 0.000
1 48 -40.894 210.381 0.000
1 49 -41.778 214.932 0.000
1 50 -42.663 219.483 0.000
1 51 -43.547 224.034 0.000
1 52 -44.432 228.585 0.000
1 53 37.355 192.176 0.000
1 54 38.240 196.727 0.000
1 55 39.124 201.278 0.000
1 56 40.009 205.830 0.000
1 57 40.894 210.381 0.000
1 58 41.778 214.932 0.000
1 59 42.663 219.483 0.000
1 60 43.547 224.034 0.000
1 61 44.432 228.585 0.000
